camera_matrix:
- - 953.3697792448502
  - 0.0
  - 508.9120112783782
- - 0.0
  - 950.5545257596258
  - 361.56131233708385
- - 0.0
  - 0.0
  - 1.0
dist_coeff:
- - 0.25286852305938784
  - -1.277163395056136
  - 0.013000178123989774
  - -0.009513667381437689
  - 2.275111324555232
