camera_matrix:
- - 934.6590603052108
  - 0.0
  - 491.4820690164738
- - 0.0
  - 927.3790559116679
  - 353.40601024834876
- - 0.0
  - 0.0
  - 1.0
dist_coeff:
- - -0.05742255976110588
  - 0.19367936132516067
  - -0.0052844845843886675
  - 0.0030924006833772965
  - -0.1113461710540641
