camera_matrix:
- - 909.0704298247757
  - 0.0
  - 514.5054354646941
- - 0.0
  - 908.1974493119346
  - 356.9356314423464
- - 0.0
  - 0.0
  - 1.0
dist_coeff:
- - -0.06174496484845092
  - 0.358750760541302
  - -0.0007790450974952407
  - 0.01723015249385277
  - -0.4669256815180746
